    unsorted:	 3533.391124 3527.189732 3777.613671 3727.981380 3421.204768 3355.174455 3883.377442 4264.904606 4201.575920 4124.386322 4360.856064 4411.642856 3126.334737 3022.492484 4643.280855 4758.002922 2481.474942 2499.039177 2677.614827 2387.292320 2259.989451 5015.800628 5171.817999 5326.524468 5441.642836 1878.129655 1735.377214 1663.454099 5658.335072 1302.344967 603.9266470 673.2914997 310.8917769 296.4842529 283.9472993 271.4369803 335.3901647 258.8699238 373.8108265 487.9491685 170.4314565 818.3945906 1049.839274 28.40538721 5922.667706 6056.558417 6276.694982 6301.524439 6463.891269 6707.959524 6969.608266 7180.338868 8019.275032 8130.955554 8651.836353 9763.848931 9815.301507 10287.47982 11763.13558 17896.98596 30667.00888 29443.68584 32265.69070 42300.12848 61560.26530 64874.63731 73907.28302 113779.6940 312944.4419 384763.7290 491445.1185 607677.5509
      sorted:	 28.40538721 170.4314565 258.8699238 271.4369803 283.9472993 296.4842529 310.8917769 335.3901647 373.8108265 487.9491685 603.9266470 673.2914997 818.3945906 1049.839274 1302.344967 1663.454099 1735.377214 1878.129655 2259.989451 2387.292320 2481.474942 2499.039177 2677.614827 3022.492484 3126.334737 3355.174455 3421.204768 3527.189732 3533.391124 3727.981380 3777.613671 3883.377442 4124.386322 4201.575920 4264.904606 4360.856064 4411.642856 4643.280855 4758.002922 5015.800628 5171.817999 5326.524468 5441.642836 5658.335072 5922.667706 6056.558417 6276.694982 6301.524439 6463.891269 6707.959524 6969.608266 7180.338868 8019.275032 8130.955554 8651.836353 9763.848931 9815.301507 10287.47982 11763.13558 17896.98596 29443.68584 30667.00888 32265.69070 42300.12848 61560.26530 64874.63731 73907.28302 113779.6940 312944.4419 384763.7290 491445.1185 607677.5509
