    unsorted:	 36.36277273 445.5238280 0.03767173887 6758.962321
      sorted:	 0.03767173887 36.36277273 445.5238280 6758.962321
