    unsorted:	 4129.222923 4237.141463 4185.026607 3914.440160 3804.383442 3729.836828 3604.813070 4361.521382 4386.894053 3487.636173 3428.485362 3357.723288 3216.040554 3025.794995 2965.526266 4684.270477 4781.773096 4906.752090 2681.300739 2481.177496 2499.080850 2418.437822 2259.447068 5089.027351 5181.639710 1870.284129 1912.652868 1735.396896 1667.416414 5356.539954 5576.017179 5651.219744 1304.846423 1096.423991 1055.113146 605.0210201 674.4910802 831.0059428 297.4708577 284.8769703 312.0495804 272.3260232 336.8382873 259.7156475 375.7504399 495.8457646 170.4193528 28.62317453 6034.493752 6134.753508 6283.988413 6303.699987 6460.315230 6691.034441 6759.293110 7003.970667 7992.508104 7902.730900 8143.065608 9710.337428 9792.894630 10468.37486 11853.37396 13436.21249 13789.18772 19233.37186 26179.33815 30664.97155 31542.73473 54013.11986 227139.2693
      sorted:	 28.62317453 170.4193528 259.7156475 272.3260232 284.8769703 297.4708577 312.0495804 336.8382873 375.7504399 495.8457646 605.0210201 674.4910802 831.0059428 1055.113146 1096.423991 1304.846423 1667.416414 1735.396896 1870.284129 1912.652868 2259.447068 2418.437822 2481.177496 2499.080850 2681.300739 2965.526266 3025.794995 3216.040554 3357.723288 3428.485362 3487.636173 3604.813070 3729.836828 3804.383442 3914.440160 4129.222923 4185.026607 4237.141463 4361.521382 4386.894053 4684.270477 4781.773096 4906.752090 5089.027351 5181.639710 5356.539954 5576.017179 5651.219744 6034.493752 6134.753508 6283.988413 6303.699987 6460.315230 6691.034441 6759.293110 7003.970667 7902.730900 7992.508104 8143.065608 9710.337428 9792.894630 10468.37486 11853.37396 13436.21249 13789.18772 19233.37186 26179.33815 30664.97155 31542.73473 54013.11986 227139.2693
