    unsorted:	 170.3463285 170.1252961 169.5482656 168.5887528 171.2250005 191.1033344 3.971044501 4.056295020 4.804421912 2.693543712 2.309299218 17.00454558 15.85789416 11.12154098 33.67126443 205.5728977 132.6333741 104.5743957 221.8331526 245.7549782 282.8481743 344.6956022 425.8360404 589.0455279 799.3479355 1053.763685 1090.105223 1308.226932 0.004935131195
      sorted:	 0.004935131195 2.309299218 2.693543712 3.971044501 4.056295020 4.804421912 11.12154098 15.85789416 17.00454558 33.67126443 104.5743957 132.6333741 168.5887528 169.5482656 170.1252961 170.3463285 171.2250005 191.1033344 205.5728977 221.8331526 245.7549782 282.8481743 344.6956022 425.8360404 589.0455279 799.3479355 1053.763685 1090.105223 1308.226932
